word: 'primate'	 number of docs found: 4
[ primate2.html word count = 8, 222, 344, 369, 805, 883, 943, 1430, 1761 ]
[ primate1.html word count = 107, 19, 42, 3523, 4144, 4159, 4752, 4996, 5004, 5012, 5018, 5033, 5042, 5050, 5069, 5076, 5084, 5093, 5158, 5166, 5174, 5201, 5219, 5228, 5233, 5244, 5267, 5355, 5361, 5371, 5373, 5391, 5657, 6193, 6206, 6209, 6215, 6228, 6383, 6393, 6441, 6448, 6460, 6472, 6481, 6762, 6765, 6767, 6770, 6808, 6811, 6812, 7579, 8841, 9098, 9112, 9155, 9168, 9482, 9594, 9600, 9609, 9616, 9622, 9637, 9649, 9655, 9680, 9687, 9695, 9704, 9785, 9791, 9798, 9805, 9832, 9850, 9859, 9867, 9885, 9908, 10006, 10010, 10019, 10021, 10039, 10194, 10549, 10566, 10569, 10575, 10588, 10668, 10673, 10684, 10696, 10705, 10740, 10835, 10838, 10840, 10843, 10886, 10889, 10890, 12286, 12581, 13026 ]
[ cell1.html word count = 2, 11775, 11889 ]
[ orangutan2.html word count = 5, 3769, 5179, 5200, 5509, 5552 ]

word: 'lucy'	 number of docs found: 3
[ orangutan1.html word count = 2, 6651, 6653 ]
[ lucy2.html word count = 63, 91, 158, 307, 321, 358, 405, 429, 548, 557, 981, 993, 1026, 2798, 2984, 3015, 3023, 3031, 3044, 3097, 3138, 3179, 3222, 3503, 3516, 3535, 3548, 3567, 3580, 3604, 3629, 3682, 3699, 3716, 3738, 3758, 3769, 3783, 3808, 3817, 3842, 3845, 4053, 4168, 4193, 4281, 4300, 4322, 4340, 4445, 4469, 4487, 4492, 4519, 4526, 4550, 4569, 4675, 4709, 4710, 4760, 4801, 4842, 4885 ]
[ lucy1.html word count = 169, 10, 26, 50, 113, 147, 169, 181, 201, 248, 263, 325, 375, 414, 421, 437, 517, 3090, 3100, 3128, 6092, 6219, 6344, 6461, 6536, 6653, 6765, 6870, 6946, 7051, 7162, 7267, 7342, 7447, 7559, 7645, 7721, 7807, 7963, 8095, 8215, 8328, 8369, 8431, 8544, 8585, 8682, 8790, 8851, 8959, 9081, 9212, 9335, 9477, 9606, 9719, 9760, 9794, 9852, 9965, 10006, 10040, 10134, 10247, 10288, 10322, 10384, 10492, 10526, 10586, 10694, 10728, 10824, 10932, 10966, 11376, 12815, 12829, 12844, 15830, 15839, 15864, 15874, 15911, 15961, 15972, 15988, 16178, 16207, 16246, 16277, 16317, 16346, 16385, 16416, 16456, 16485, 16524, 16555, 16595, 16624, 16653, 16682, 16721, 16752, 16783, 16814, 16854, 16883, 16912, 16941, 16980, 17011, 17042, 17073, 17088, 17119, 17211, 17230, 17317, 17356, 17440, 17450, 17535, 17561, 17576, 17693, 17717, 17738, 17814, 18013, 18115, 18199, 18236, 18246, 19102, 19134, 19146, 19156, 19198, 19208, 19225, 19244, 20187, 20287, 20369, 20397, 20419, 20430, 20440, 20449, 20473, 20663, 20747, 20757, 20842, 20868, 20883, 21348, 21363, 25934, 25943, 25955, 25966, 26132, 26140, 26156, 26728, 26738, 26858 ]

word: 'orangutan'	 number of docs found: 3
[ orangutan1.html word count = 30, 274, 284, 295, 476, 532, 6044, 6070, 6091, 6113, 6134, 6160, 6166, 6188, 6214, 6235, 6256, 6277, 6303, 6309, 6370, 6421, 6634, 7279, 7301, 7325, 7349, 7373, 7402, 7427, 7428 ]
[ primate2.html word count = 3, 1119, 1125, 1222 ]
[ orangutan2.html word count = 101, 72, 86, 98, 589, 594, 648, 761, 768, 790, 799, 825, 834, 858, 863, 878, 888, 891, 3386, 3400, 3435, 3443, 3564, 3572, 3586, 3602, 3617, 3628, 3638, 3764, 4029, 4038, 4175, 4181, 4261, 4265, 4550, 4561, 4572, 4592, 4602, 4613, 4659, 4664, 4678, 4683, 4718, 4748, 4792, 4797, 4799, 5030, 5045, 5120, 5125, 5137, 5144, 5242, 5271, 5276, 5330, 5338, 5634, 5665, 5670, 5715, 5887, 5918, 5922, 5967, 6196, 6226, 6231, 6274, 6318, 6346, 6348, 6400, 6405, 6415, 6939, 6968, 6970, 7012, 7099, 7139, 7168, 7172, 7216, 7344, 7397, 7400, 7408, 7410, 7419, 7422, 7431, 7434, 7442, 7444, 7462, 7464 ]

word: 'cell'	 number of docs found: 10
[ cell2.html word count = 98, 35, 59, 1409, 1468, 1533, 1546, 1558, 1566, 1598, 1605, 1641, 1649, 1654, 1704, 1709, 1728, 1753, 1757, 1765, 1775, 1782, 1785, 1849, 1861, 1879, 1889, 1896, 1901, 1904, 1908, 1923, 1926, 1933, 1936, 1943, 1952, 1956, 1980, 2009, 2023, 2036, 2047, 2060, 2082, 2090, 2100, 2103, 2107, 2109, 2120, 2121, 2251, 2254, 2256, 2279, 2283, 2288, 2292, 2296, 2308, 2325, 2337, 2342, 2367, 2401, 2415, 2473, 2485, 2487, 2494, 2505, 2527, 2528, 2549, 2550, 2563, 2602, 2615, 2643, 2734, 3023, 3036, 3101, 3170, 3171, 3179, 3184, 3192, 3201, 3203, 3206, 3584, 3647, 3764, 3789, 3791, 3835, 3837 ]
[ immune2.html word count = 15, 7816, 11748, 11752, 11753, 11772, 11776, 11777, 15499, 15509, 15647, 15655, 17308, 17318, 17456, 17464 ]
[ meiosis2.html word count = 60, 2444, 2493, 2600, 2623, 2632, 2649, 2670, 2685, 2694, 2734, 2741, 2744, 2756, 2764, 4741, 4754, 4757, 4759, 4767, 4780, 4791, 4802, 5066, 5068, 5077, 5087, 5097, 5107, 5119, 5131, 5133, 5135, 7225, 7227, 7473, 7476, 7782, 8024, 8030, 8177, 8347, 8464, 8568, 8719, 8922, 9079, 9130, 9253, 10030, 10219, 10225, 10296, 10409, 10475, 10527, 10588, 10678, 10802, 10853, 10924 ]
[ neandrethal2.html word count = 5, 767, 773, 19643, 19645, 19647 ]
[ primate1.html word count = 4, 2578, 2584, 3526, 9116 ]
[ immune1.html word count = 37, 2042, 2065, 2066, 2068, 2078, 2082, 2087, 2091, 2111, 2118, 2126, 2132, 2134, 2142, 2193, 2198, 2202, 2204, 2214, 2218, 2222, 2227, 2229, 2242, 2262, 2271, 2277, 2280, 2296, 2300, 2307, 2319, 2349, 2381, 2416, 2440, 2487 ]
[ meiosis1.html word count = 22, 1349, 1693, 1707, 1736, 1744, 1813, 1815, 3201, 3204, 3209, 5088, 5163, 5173, 5293, 5296, 5708, 5821, 5840, 5843, 5846, 5990, 6373 ]
[ lucy1.html word count = 2, 24497, 24811 ]
[ penicillin1.html word count = 2, 6109, 6127 ]
[ cell1.html word count = 430, 15, 50, 53, 114, 116, 124, 435, 463, 531, 559, 562, 688, 756, 759, 761, 795, 884, 887, 889, 978, 989, 1166, 1206, 1209, 1211, 1227, 1230, 1313, 1328, 1463, 1466, 1468, 1596, 1605, 1775, 1785, 1794, 1803, 2024, 2034, 2081, 2090, 2217, 2219, 2235, 2238, 2310, 2323, 2326, 2343, 2346, 2356, 2359, 2378, 2396, 2460, 2463, 2465, 2474, 2477, 2495, 2545, 2550, 2553, 2556, 2558, 2577, 2580, 2582, 2597, 2599, 2617, 2622, 2625, 2630, 2646, 2679, 2682, 2692, 2696, 2842, 2866, 2881, 2886, 2905, 2910, 2922, 2927, 2948, 2960, 2977, 2992, 2997, 3016, 3021, 3033, 3038, 3059, 3073, 3076, 3078, 3201, 3204, 3206, 3220, 3244, 3272, 3275, 3277, 3358, 3559, 3562, 3748, 3857, 3860, 3862, 3923, 3926, 3928, 3932, 3971, 3974, 3978, 3993, 4002, 4009, 4013, 4018, 4071, 4114, 4117, 4119, 4134, 4151, 4157, 4178, 4184, 4198, 4204, 4226, 4241, 4248, 4251, 4253, 4268, 4274, 4280, 4283, 4285, 4291, 4376, 4411, 4547, 4572, 4587, 4599, 4602, 4604, 4608, 4655, 4676, 4680, 4683, 4724, 5072, 5078, 5080, 5086, 5089, 5091, 5198, 5210, 5253, 5298, 5301, 5304, 5366, 5497, 5509, 5609, 5615, 5617, 5621, 5624, 5626, 5639, 5641, 5698, 5789, 5824, 5827, 6087, 6146, 6154, 6192, 6234, 6237, 6239, 6259, 6265, 6306, 6379, 6397, 6400, 6408, 6423, 6430, 6438, 6440, 6452, 6455, 6457, 6466, 6469, 6471, 6473, 6477, 6484, 6487, 6488, 6492, 6501, 6510, 6542, 6544, 6675, 6678, 6748, 6751, 6753, 6789, 6804, 6808, 6827, 6831, 6843, 6847, 6867, 6941, 6944, 6946, 6949, 6953, 6956, 7041, 7058, 7103, 7115, 7124, 7127, 7129, 7134, 7393, 7563, 7566, 7569, 7695, 7698, 7700, 7710, 7717, 7734, 7755, 7789, 7924, 8065, 8089, 8094, 8100, 8257, 8265, 8268, 8401, 8433, 8436, 8438, 8444, 8480, 8483, 8504, 8523, 8543, 8555, 8572, 8590, 8591, 8606, 8609, 8977, 8979, 9290, 9317, 9366, 9486, 9489, 9491, 9674, 9747, 9767, 9770, 9772, 9923, 10020, 10039, 10216, 10219, 10221, 10227, 10230, 10232, 10274, 10280, 10282, 10299, 10303, 10306, 10790, 10791, 10831, 10893, 10914, 11345, 11347, 11383, 11401, 12029, 12096, 13222, 13328, 14003, 14076, 14522, 14643, 14757, 14810, 14905, 15024, 15680, 15738, 16083, 16201, 17126, 17134, 17232, 17238, 17700, 17753, 17868, 17919, 18067, 18121, 18249, 18302, 18577, 18584, 18586, 18639, 18693, 18695, 18698, 18723, 18744, 18758, 18828, 18832, 18858, 18870, 19132, 19144, 19196, 19199, 19201, 19207, 19210, 19320, 19324, 19886, 19889, 19891, 20177, 20643, 20927, 20930, 20932, 21196, 21203, 21206, 21239, 21245, 21247, 22374, 22385, 22418, 22422, 22424, 22431, 22435, 22437, 22806, 22828, 22896, 22909, 23035, 23044, 23064, 23545, 23561, 23601, 23618, 23635, 23733, 23752, 23851, 24665, 24668, 25017, 25019, 25467, 25469, 25634, 25636, 27074, 27077, 27210, 27212, 27477, 27479, 28311, 28531, 28539 ]

word: 'heart'	 number of docs found: 5
[ heart1.html word count = 145, 79, 82, 96, 99, 113, 116, 210, 228, 243, 258, 272, 296, 303, 315, 849, 852, 995, 1024, 1048, 1069, 1089, 1154, 1164, 1409, 1417, 1424, 1433, 1443, 1446, 1449, 1457, 1459, 1461, 1469, 1472, 1475, 1483, 1486, 1489, 1497, 1500, 1503, 1511, 1513, 1515, 1523, 1527, 1531, 1539, 1541, 1545, 1555, 1559, 1563, 1571, 1573, 1577, 1620, 1623, 1652, 1656, 1694, 1699, 1792, 1800, 1807, 1816, 1819, 1822, 1830, 1840, 1850, 1860, 1870, 1880, 1890, 1902, 1912, 2278, 2281, 2377, 2390, 2393, 2396, 2399, 2429, 2433, 2473, 2493, 2503, 2521, 2526, 2538, 2545, 2551, 2554, 2558, 2605, 2619, 2701, 2719, 2721, 2728, 2751, 2775, 2833, 2852, 2900, 2919, 2966, 2969, 2987, 2990, 3038, 3058, 3106, 3108, 3126, 3128, 3175, 3177, 3196, 3198, 3247, 3267, 3316, 3336, 3385, 3406, 3420, 3428, 3430, 3617, 4014, 4034, 4038, 4108, 4306, 4312, 4327, 4333, 4346, 4352, 4369, 4375 ]
[ meiosis2.html word count = 5, 5299, 5302, 5369, 9295, 10977 ]
[ heart2.html word count = 36, 41, 65, 72, 77, 86, 91, 102, 110, 115, 142, 161, 181, 186, 1594, 1798, 1872, 1886, 1891, 1893, 1894, 1897, 1921, 1924, 1990, 1993, 2002, 2016, 2021, 2060, 2063, 2075, 2192, 2195, 2201, 2249, 3566 ]
[ penicillin2.htm word count = 7, 1242, 1249, 2130, 2144, 2147, 4159, 4165 ]
[ cell1.html word count = 1, 5270 ]

word: 'work'	 number of docs found: 10
[ orangutan1.html word count = 1, 4485 ]
[ heart1.html word count = 34, 83, 100, 117, 211, 229, 244, 259, 273, 297, 304, 310, 853, 996, 1025, 1049, 1070, 1090, 1447, 1450, 1852, 1853, 2400, 2430, 2434, 2496, 2533, 2555, 3246, 3266, 3315, 3335, 3384, 3405, 3433 ]
[ meiosis2.html word count = 7, 8262, 8385, 8482, 8586, 8734, 8834, 8957 ]
[ neandrethal2.html word count = 13, 8971, 8997, 9041, 9052, 9062, 9079, 9101, 9124, 9133, 12689, 16469, 18049, 18050 ]
[ immune1.html word count = 4, 2444, 2578, 3443, 3444 ]
[ heart2.html word count = 14, 42, 66, 103, 143, 162, 1595, 1799, 1906, 2045, 2193, 2196, 2202, 2250, 3567 ]
[ penicillin2.htm word count = 1, 2975 ]
[ penicillin1.html word count = 1, 4234 ]
[ cell1.html word count = 1, 9875 ]
[ orangutan2.html word count = 2, 1905, 4498 ]

