word: 'a'	 number of docs found: 1
[ neandrethal2.html word count = 3, 17313, 18624 ]

word: 'are'	 number of docs found: 1
[ cell1.html word count = 3, 15901, 16005 ]

word: 'orangutan'	 number of docs found: 3
[ orangutan1.html word count = 81, 196, 197, 203, 274, 284, 294, 295, 304, 305, 311, 372, 406, 435, 446, 456, 476, 505, 510, 519, 532, 548, 2045, 2753, 5898, 5968, 6044, 6070, 6091, 6113, 6134, 6160, 6166, 6188, 6214, 6235, 6256, 6277, 6303, 6309, 6370, 6380, 6395, 6398, 6421, 6429, 6431, 6452, 6455, 6459, 6471, 6476, 6481, 6490, 6495, 6501, 6509, 6523, 6525, 6557, 6569, 6583, 6591, 6593, 6619, 6634, 6638, 6646, 7026, 7279, 7301, 7325, 7349, 7373, 7402, 7427, 7428, 7546, 7553, 8529, 8536 ]
[ primate2.html word count = 3, 1125, 1222 ]
[ orangutan2.html word count = 123, 86, 98, 589, 594, 648, 761, 768, 790, 799, 825, 834, 858, 863, 878, 888, 891, 3386, 3400, 3435, 3443, 3564, 3572, 3586, 3602, 3617, 3628, 3638, 3764, 4029, 4038, 4175, 4181, 4261, 4265, 4542, 4550, 4561, 4572, 4592, 4602, 4613, 4659, 4664, 4678, 4683, 4718, 4734, 4748, 4792, 4797, 4799, 4865, 4880, 4888, 4908, 4974, 4995, 5030, 5045, 5120, 5125, 5137, 5144, 5151, 5242, 5271, 5276, 5330, 5338, 5353, 5501, 5634, 5665, 5670, 5715, 5758, 5781, 5820, 5840, 5887, 5918, 5922, 5967, 6007, 6019, 6102, 6107, 6196, 6226, 6231, 6274, 6318, 6346, 6348, 6400, 6405, 6415, 6710, 6763, 6939, 6968, 6970, 7012, 7047, 7099, 7139, 7168, 7172, 7216, 7344, 7397, 7400, 7408, 7410, 7419, 7422, 7431, 7434, 7442, 7444, 7462, 7464 ]

word: 'a'	 number of docs found: 1
[ neandrethal2.html word count = 3, 17313, 18624 ]

word: 'cell'	 number of docs found: 10
[ cell2.html word count = 153, 38, 54, 59, 568, 572, 1409, 1452, 1456, 1468, 1489, 1493, 1505, 1519, 1523, 1533, 1546, 1558, 1566, 1571, 1578, 1591, 1598, 1605, 1613, 1616, 1624, 1628, 1630, 1634, 1641, 1649, 1654, 1667, 1673, 1679, 1681, 1688, 1698, 1701, 1703, 1704, 1709, 1713, 1723, 1728, 1733, 1737, 1753, 1757, 1765, 1775, 1782, 1785, 1808, 1822, 1849, 1861, 1879, 1884, 1889, 1896, 1901, 1904, 1908, 1923, 1926, 1933, 1936, 1943, 1952, 1956, 1967, 1980, 2009, 2023, 2036, 2038, 2047, 2060, 2068, 2069, 2075, 2082, 2090, 2100, 2103, 2106, 2107, 2109, 2120, 2121, 2251, 2254, 2256, 2278, 2279, 2283, 2288, 2292, 2296, 2300, 2308, 2325, 2337, 2342, 2367, 2401, 2415, 2473, 2485, 2487, 2494, 2505, 2527, 2528, 2549, 2550, 2563, 2602, 2604, 2615, 2643, 2734, 3023, 3036, 3101, 3113, 3128, 3141, 3170, 3171, 3179, 3184, 3192, 3201, 3203, 3206, 3212, 3476, 3584, 3647, 3658, 3713, 3717, 3729, 3750, 3754, 3764, 3789, 3791, 3835, 3837 ]
[ immune2.html word count = 27, 11748, 11752, 11753, 11772, 11776, 11777, 12274, 14412, 14429, 14440, 14442, 14446, 14458, 14468, 14478, 14483, 14487, 14492, 15499, 15509, 15647, 15655, 17308, 17318, 17456, 17464 ]
[ meiosis2.html word count = 102, 2493, 2600, 2623, 2632, 2649, 2670, 2685, 2694, 2734, 2741, 2744, 2756, 2764, 4741, 4754, 4757, 4759, 4767, 4780, 4791, 4802, 5066, 5068, 5077, 5087, 5097, 5107, 5119, 5131, 5133, 5135, 5162, 5164, 5344, 5347, 5356, 5360, 6507, 6509, 7065, 7067, 7076, 7080, 7083, 7091, 7101, 7103, 7104, 7111, 7113, 7114, 7225, 7227, 7473, 7476, 7782, 8024, 8030, 8170, 8177, 8347, 8464, 8471, 8568, 8571, 8719, 8922, 8928, 8930, 8940, 9079, 9130, 9253, 9259, 9330, 9340, 9969, 9974, 9979, 9984, 10030, 10219, 10225, 10289, 10296, 10409, 10475, 10482, 10527, 10530, 10588, 10678, 10684, 10686, 10696, 10802, 10853, 10924, 10930, 11012, 11022 ]
[ neandrethal2.html word count = 5, 773, 19643, 19645, 19647 ]
[ primate1.html word count = 6, 2584, 3526, 3533, 9116, 9123 ]
[ immune1.html word count = 66, 110, 2027, 2033, 2038, 2042, 2045, 2047, 2065, 2066, 2068, 2078, 2082, 2087, 2091, 2094, 2100, 2107, 2111, 2118, 2126, 2132, 2134, 2142, 2188, 2193, 2198, 2202, 2204, 2207, 2214, 2218, 2222, 2227, 2229, 2238, 2242, 2244, 2257, 2259, 2262, 2271, 2277, 2280, 2292, 2296, 2300, 2307, 2319, 2323, 2335, 2349, 2352, 2359, 2381, 2385, 2388, 2393, 2400, 2416, 2440, 2459, 2481, 2487, 3238, 3241 ]
[ meiosis1.html word count = 26, 1357, 1693, 1707, 1736, 1744, 1813, 1815, 3201, 3204, 3209, 5088, 5096, 5163, 5173, 5293, 5296, 5708, 5821, 5840, 5843, 5846, 5990, 5998, 6373, 6381 ]
[ lucy1.html word count = 2, 24811 ]
[ penicillin1.html word count = 3, 6109, 6127 ]
[ cell1.html word count = 592, 50, 53, 114, 116, 124, 435, 463, 531, 559, 562, 688, 756, 759, 761, 795, 880, 884, 887, 889, 978, 989, 1166, 1193, 1202, 1206, 1209, 1211, 1216, 1227, 1230, 1266, 1313, 1328, 1374, 1384, 1407, 1418, 1431, 1463, 1466, 1468, 1494, 1495, 1502, 1505, 1514, 1596, 1605, 1615, 1624, 1633, 1642, 1775, 1785, 1794, 1803, 2024, 2034, 2081, 2090, 2100, 2110, 2217, 2219, 2222, 2235, 2238, 2259, 2263, 2277, 2279, 2310, 2323, 2326, 2343, 2346, 2356, 2359, 2378, 2396, 2437, 2460, 2463, 2465, 2470, 2474, 2477, 2495, 2545, 2550, 2553, 2556, 2558, 2577, 2580, 2582, 2597, 2599, 2617, 2622, 2625, 2630, 2646, 2675, 2679, 2682, 2684, 2691, 2692, 2696, 2842, 2850, 2866, 2881, 2886, 2905, 2910, 2922, 2927, 2948, 2960, 2977, 2992, 2997, 3016, 3021, 3033, 3038, 3059, 3073, 3076, 3078, 3087, 3089, 3164, 3201, 3204, 3206, 3220, 3244, 3272, 3275, 3277, 3307, 3358, 3397, 3457, 3559, 3562, 3748, 3841, 3845, 3851, 3857, 3860, 3862, 3923, 3926, 3928, 3932, 3950, 3971, 3974, 3978, 3993, 4002, 4004, 4009, 4013, 4016, 4018, 4071, 4081, 4114, 4117, 4119, 4134, 4151, 4157, 4178, 4184, 4198, 4204, 4226, 4241, 4248, 4251, 4253, 4268, 4274, 4280, 4283, 4285, 4291, 4364, 4376, 4411, 4425, 4547, 4572, 4587, 4596, 4599, 4602, 4604, 4608, 4655, 4676, 4680, 4683, 4724, 4901, 5072, 5078, 5080, 5086, 5089, 5091, 5198, 5210, 5253, 5288, 5298, 5301, 5304, 5366, 5389, 5404, 5409, 5427, 5432, 5443, 5448, 5468, 5479, 5483, 5489, 5491, 5497, 5509, 5609, 5615, 5617, 5621, 5624, 5626, 5639, 5641, 5698, 5789, 5804, 5824, 5827, 6087, 6146, 6154, 6192, 6234, 6237, 6239, 6259, 6265, 6267, 6270, 6284, 6292, 6306, 6310, 6312, 6315, 6379, 6397, 6400, 6403, 6408, 6423, 6430, 6438, 6440, 6452, 6455, 6457, 6463, 6466, 6469, 6471, 6473, 6477, 6484, 6487, 6488, 6492, 6501, 6510, 6542, 6544, 6634, 6675, 6678, 6745, 6748, 6751, 6753, 6789, 6804, 6808, 6827, 6831, 6843, 6847, 6867, 6941, 6944, 6946, 6949, 6953, 6956, 6959, 7008, 7028, 7041, 7058, 7068, 7078, 7091, 7103, 7115, 7124, 7127, 7129, 7134, 7151, 7337, 7393, 7563, 7566, 7569, 7695, 7698, 7700, 7710, 7712, 7717, 7721, 7734, 7755, 7789, 7844, 7924, 8036, 8059, 8065, 8089, 8094, 8100, 8164, 8165, 8172, 8257, 8265, 8268, 8388, 8401, 8406, 8413, 8416, 8429, 8433, 8436, 8438, 8444, 8450, 8456, 8458, 8462, 8468, 8470, 8480, 8483, 8485, 8495, 8501, 8503, 8504, 8516, 8523, 8543, 8555, 8572, 8586, 8590, 8591, 8606, 8609, 8950, 8977, 8979, 9117, 9120, 9122, 9246, 9282, 9290, 9317, 9340, 9343, 9366, 9376, 9467, 9486, 9489, 9491, 9576, 9657, 9674, 9739, 9741, 9747, 9761, 9764, 9767, 9770, 9772, 9923, 10020, 10039, 10216, 10219, 10221, 10227, 10230, 10232, 10274, 10280, 10282, 10299, 10303, 10306, 10790, 10791, 10831, 10893, 10914, 10977, 11345, 11347, 11383, 11401, 11478, 11556, 11591, 11770, 11884, 12029, 12064, 12066, 12096, 12223, 12340, 12393, 13222, 13328, 14003, 14076, 14522, 14643, 14757, 14810, 14905, 15024, 15143, 15151, 15203, 15290, 15294, 15341, 15351, 15425, 15535, 15680, 15738, 16083, 16201, 17126, 17134, 17232, 17238, 17440, 17541, 17700, 17753, 17868, 17919, 18067, 18121, 18249, 18302, 18468, 18474, 18477, 18577, 18584, 18586, 18639, 18680, 18693, 18695, 18698, 18723, 18744, 18758, 18773, 18794, 18828, 18832, 18858, 18870, 19132, 19144, 19196, 19199, 19201, 19207, 19210, 19320, 19324, 19886, 19889, 19891, 20177, 20643, 20927, 20930, 20932, 21196, 21203, 21206, 21239, 21245, 21247, 21387, 21393, 21395, 22374, 22385, 22418, 22422, 22424, 22431, 22435, 22437, 22806, 22828, 22896, 22909, 23035, 23044, 23064, 23545, 23561, 23601, 23618, 23635, 23733, 23752, 23831, 23851, 23871, 24665, 24668, 24693, 24696, 25017, 25019, 25467, 25469, 25634, 25636, 26544, 26546, 26572, 26574, 27074, 27077, 27210, 27212, 27477, 27479, 28311, 28531, 28539 ]

word: 'how'	 number of docs found: 1
[ neandrethal2.html word count = 2, 5726 ]

word: 'heart'	 number of docs found: 5
[ heart1.html word count = 145, 82, 96, 99, 113, 116, 210, 228, 243, 258, 272, 296, 303, 315, 849, 852, 995, 1024, 1048, 1069, 1089, 1154, 1164, 1409, 1417, 1424, 1433, 1443, 1446, 1449, 1457, 1459, 1461, 1469, 1472, 1475, 1483, 1486, 1489, 1497, 1500, 1503, 1511, 1513, 1515, 1523, 1527, 1531, 1539, 1541, 1545, 1555, 1559, 1563, 1571, 1573, 1577, 1620, 1623, 1652, 1656, 1694, 1699, 1792, 1800, 1807, 1816, 1819, 1822, 1830, 1840, 1850, 1860, 1870, 1880, 1890, 1902, 1912, 2278, 2281, 2377, 2390, 2393, 2396, 2399, 2429, 2433, 2473, 2493, 2503, 2521, 2526, 2538, 2545, 2551, 2554, 2558, 2605, 2619, 2701, 2719, 2721, 2728, 2751, 2775, 2833, 2852, 2900, 2919, 2966, 2969, 2987, 2990, 3038, 3058, 3106, 3108, 3126, 3128, 3175, 3177, 3196, 3198, 3247, 3267, 3316, 3336, 3385, 3406, 3420, 3428, 3430, 3617, 4014, 4034, 4038, 4108, 4306, 4312, 4327, 4333, 4346, 4352, 4369, 4375 ]
[ meiosis2.html word count = 5, 5302, 5369, 9295, 10977 ]
[ heart2.html word count = 37, 65, 72, 77, 86, 91, 102, 110, 115, 142, 161, 181, 186, 1594, 1798, 1872, 1886, 1891, 1893, 1894, 1897, 1921, 1924, 1990, 1993, 2002, 2016, 2021, 2041, 2060, 2063, 2075, 2192, 2195, 2201, 2249, 3566 ]
[ penicillin2.htm word count = 7, 1249, 2130, 2144, 2147, 4159, 4165 ]
[ cell1.html word count = 1,  ]

word: 'work'	 number of docs found: 12
[ orangutan1.html word count = 5, 4485, 5517, 5520, 6758 ]
[ heart1.html word count = 42, 100, 117, 211, 229, 244, 259, 273, 297, 304, 310, 853, 996, 1025, 1049, 1070, 1090, 1447, 1450, 1852, 1853, 2400, 2430, 2434, 2496, 2533, 2539, 2546, 2555, 2559, 2606, 2620, 2834, 2853, 3246, 3266, 3315, 3335, 3384, 3405, 3429, 3433 ]
[ immune2.html word count = 20, 2470, 2492, 11152, 11278, 12163, 12299, 12346, 12355, 13518, 13547, 13605, 13659, 13710, 13761, 13832, 13886, 13954, 14060, 14167 ]
[ meiosis2.html word count = 7, 8385, 8482, 8586, 8734, 8834, 8957 ]
[ neandrethal2.html word count = 14, 8997, 9041, 9052, 9062, 9079, 9101, 9124, 9133, 12171, 12689, 16469, 18049, 18050 ]
[ primate1.html word count = 10, 5121, 5190, 5290, 5323, 9642, 9732, 9821, 9945, 9977 ]
[ immune1.html word count = 4, 2578, 3443, 3444 ]
[ heart2.html word count = 15, 66, 103, 143, 162, 1595, 1799, 1906, 1925, 2045, 2193, 2196, 2202, 2250, 3567 ]
[ penicillin2.htm word count = 3, 3107, 3142 ]
[ penicillin1.html word count = 3, 4191, 4234 ]
[ cell1.html word count = 4, 11286, 11293, 23329 ]
[ orangutan2.html word count = 4, 1917, 2144, 4498 ]

